19073
14209
12485
18897
14421
81282
21517
75510
21076
19463
87299
17326
21534
15409
21268
14888
18149
21017
90319
83435
16597
14499
86144
16911
19657
21904
16921
13106
93091
15283
15410
16698
16282
12928
77082
21913
19746
18786
77505
92296
15909
20572
18098
17967
21829
85631
14332
86763
17855
19064
22081
22287
90857
91664
17106
12835
14271
13261
14149
19818
21053
19575
19084
18901
12365
78172
92697
90276
22286
16381
19114
21624
19548
18086
86783
12366
14537
86717
15145
22267
92091
13260
83630
21920
18852
20471
20787
20193
93188
17980
17784
12960
17315
14378
14818
16967
16696
14502
19930
14926
21834
20195
13890
14273
18728
12352
22400
15899
18723
19187
21372
21898
16657
18909
17809
80316
15367
86158
16160
25452
91463
26084
92102
15126
21922
88207
21373
12639
86288
21701
16382
14150
19823
87404
18726
21601
15797
20142
14063
22200
87061
20172
83704
21285
18911
19856
20975
91032
21891
13292
16963
87814
20656
20289
17685
17876
16277
18836
21357
17342
19578
40125
18886
13526
19454
83291
86356
83965
92097
14244
92038
22086
22003
13210
15291
18063
16287
21713
17880
14506
19083
22266
83597
12293
19069
18077
18580
17094
20143
14596
21894
20794
21895
13946
19893
21401
88285
87321
19398
16461
20991
87608
22084
88166
14785
15315
19679
17795
18192
16298
20406
13108
14567
16464
22424
18655
18789
14803
22776
85320
15135
12882
14970
17832
17886
78840
19638
17146
14704
92320
21062
13342
22087
15220
21648
15824
21559
21554
14254
87199
12541
12490
12051
90608
89796
17362
21431
12454
75754
15943
52329
19505
17088
12791
13701
17245
21737
21069
91579
12356
19400
20899
87430
90598
19640
22092
20330
12521
19140
14872
13616
19779
16155
12746
12742
18756
79474
17323
88174
20117
18549
19195
22906
90411
92984
87173
23380
18363
14010
13931
13812
13932
19797
15850
20601
15263
18787
19859
92940
86989
92221
15304
21613
13407
13298
15849
15430
14075
18365
90087
14697
13816
15013
18097
21571
16968
84342
90708
87165
16614
21596
16100
19565
22263
88362
15108
20832
22220
87066
82541
16304
81761
16649
20653
21950
20465
19113
87797
82833
17971
14578
17895
10104
21862
21749
93431
23194
18482
19788
13511
21863
12873
13121
12380
18575
14579
21600
14547
17972
89044
20879
87086
91082
17792
18808
16400
18912
18211
18485
17673
17788
12582
19196
21612
16642
87074
21237
13828
22973
92143
20315
14516
85314
20345
78054
14320
18127
92765
19576
85397
93400
85576
12089
18784
21577
21090
17343
88371
85079
17270
12759
10853
14057
14821
15525
14136
21693
20648
14164
77338
92913
22553
21029
14608
17037
90954
22425
18464
16376
17023
20727
17097
21415
12640
20145
14441
15358
13625
16680
21261
88196
19338
18734
17701
16595
19654
18675
19189
22342
17098
19675
92931
21771
16805
92185
17100
80001
20094
21964
17782
21103
21353
19145
93356
21121
16399
93312
87000
19660
20628
18413
88468
16966
13280
91366
85319
19616
21584
16308
16622
16187
14006
17944
18299
92293
86924
89444
16806
84624
21896
16309
18480
14918
89941
13168
18900
16535
14677
13585
19249
83382
20733
16140
14295
22248
15087
18134
22413
17905
14231
87078
18568
85753
16712
19506
20469
21120
17826
21885
92229
12699
91237
19408
21691
16173
21592
22416
90984
90914
14616
18326
22352
21116
86098
19354
14326
19025
13628
15119
92921
18096
15485
87496
14710
13636
19743
12799
13318
16650
15896
15024
12478
14641
21349
14753
20737
87075
12927
21125
75853
18484
19405
17341
17382
19194
17678
22418
16984
21786
22209
86776
84819
86062
21893
74500
85377
12636
19943
82734
23008
79678
86236
22274
82546
63125
18054
17034
13777
19811
83621
89986
20894
21912
22177
23063
81850
78201
21331
77599
12021
17234
13255
83844
20844
17346
17354
14280
86745
84415
93428
25778
11403
89905
91367
18915
18771
92918
83639
14618
13596
83247
20295
82686
88330
20346
78139
86525
21358
18071
15834
72119
13521
81510
18255
14928
10355
18306
77630
21837
86572
88518
20920
11481
91497
87227
18136
75828
12645
20717
21037
84531
15452
13454
91893
13632
18831
75607
92393
92174
91900
90595
21889
91666
13181
88167
21724
15128
14864
19899
87394
13080
14723
86830
14610
23372
87264
77624
78975
19295
21562
87360
19656
13160
14524
14351
89510
90282
87172
14053
76948
15394
14813
14705
19857
92464
16850
10107
86211
88546
23439
14856
92210
20439
19331
16179
81501
84372
20157
87508
21847
64961
82830
90484
82759
17367
83956
83779
92204
20277
20447
18562
15357
76752
13377
75912
12026
13600
21754
13858
15541
87184
89756
19570
92213
90215
89382
78759
19200
87089
18573
12312
84255
16020
13447
93042
16594
85040
15644
14470
12489
82281
23513
92021
52231
85953
23054
14791
13379
22238
14311
77357
13914
84761
12924
12878
87759
14005
90483
87092
11781
84268
27204
14834
18545
20972
86196
19794
14472
20462
87084
91286
91033
80858
23343
82763
16049
21788
13169
15791
91849
20512
10909
86372
92327
89387
20336
13891
87160
10253
84207
17984
86964
11533
89099
85467
13992
13227
88664
91547
14159
85992
89307
52813
85739
53480
90956
87179
92497
92934
88264
83413
14141
83391
92230
92682
88574
20173
76185
10890
89397
92257
88683
91619
19519
16052
14986
22183
44644
21519
13875
15826
15292
15898
19819
20065
16497
35124
83124
19197
16915
21533
83186
13837
17790
15271
91500
89003
15703
10696
21122
92261
22205
17920
88873
21553
17887
84320
91754
87236
22316
90875
21345
91050
22222
17254
18361
21123
15488
18058
87510
13705
16465
13941
17976
20600
19404
80114
83422
21350
20553
16631
90569
91390
13314
18664
15224
18561
14051
16930
19499
82779
80560
16929
19566
21747
19606
22785
16573
12698
15132
14823
20058
21750
93085
21907
15863
14055
14056
19981
15380
90031
19982
90170
13798
18208
16522
14033
17370
19353
90976
19839
91434
14874
16104
16709
19016
79702
19650
19567
20596
21939
19251
77292
15784
23117
22323
14774
21867
20314
20615
18210
16067
19017
19504
14468
15433
92468
91021
19682
90539
20620
13940
19568
19986
14072
18458
19681
18782
23432
18126
19985
85571
21536
20870
23244
14935
13968
84321
16263
86080
15015
13706
17973
13967
14551
13621
20164
22229
18648
16398
14707
21759
21756
19021
17975
16068
13942
20898
13707
15658
13652
19501
21091
19417
21875
19491
10200
17974
14467
19201
20169
17000
15221
22236
17947
20576
14828
15177
20468
88195
85002
17821
20321
17122
14668
88949
88177
16108
92594
20630
21286
21879
15431
19994
85888
16830
15507
85401
20323
19843
23426
90517
15486
15058
17271
13455
14105
14262
15183
83950
17044
18961
19993
19918
18409
13761
18785
15794
19849
17695
20397
18128
85511
15976
13167
18321
16111
18262
21336
19813
84521
19847
18415
13883
93237
21779
13456
14356
13829
22603
14674
16534
22261
14101
15184
21760
92228
17899
14440
14442
15137
21778
18567
18214
16834
21970
14436
21780
14466
17825
16711
18130
18061
21111
21341
91186
15020
57913
19484
22351
16043
21112
21342
13202
84511
21589
19031
22689
15303
19401
19032
90907
14708
16070
14938
15790
20641
15856
15542
14094
15857
21060
82156
15305
14359
16473
15089
90748
22258
10333
12592
90917
18133
91615
16938
16914
19356
16668
